59787766110955885014172873674371261035685792425723808864090655254001198898055172351248506717177666676298401575369408092691947184113922782174049218294887323752109054854822235257738
741838956434200784038284679934495473113704314725084413893503596004309450040000810542343404095372594544487068110341840756641159779301004740718792179936198000666565297177058884057584
5026881529394701352157186424820096449070323741764777407499273820556213864867433537330054182591579007743572155663072858113643883625093325257656397857727171270443885096336680354869269
4781408980569054195644608000370486690440846453780724289708225507000898097596252091055632452032854672900744722810611550368075293182440643372680834871035472052124246317078870953647381
329472968207284189241340733276190235706564885807200430046072339294070715542335038546661578019665576184442503976087877277142847857203997277762914230649605958639173080978816037638976
3665840572514666935598650536376964673397112915395781676876994770030550500974603059889770269628524352625009112159166450745167369424758509702602118746711365747994960056438578413361478
3391707394666231710435732548689871765917250860234596105179189845240922418853067841588016052690297529398692752538340704948345051370902647562993801315469540933147694061209980305482427
1952418805185797997482287826105859402830889288740041145262151495368402530932417582869808990385390915301267485636484220522892435179286327227306188071941417167877859839434363266508466
7181189782501619469013596938556744601669472115065844924951170223943816719220358199200901569975378285196343048464481208549517164830564035771463965025820959027066926268971257300455851
4533904828349278523144351762202074185510919401376263902978581590781463806608163588140097821319567767934951989552680256482667920468399446795677061449476708726892894052624587961674154
329472968207284189241340733276190235706564885807200430046072339294070715542335038546661578019665576184442503976087877277142847857203997277762914230649605958639173080978816037638976
1790986101083772074863987844980999806699393677743173169067401300127946409752697626264264728271727325331083507415546576449699305350828290924669857388933429530068462594977824508868611
1959229914927076527614009886381593742074128312157835506441598517376753278938497573811857828034767628230964963810019616937616584804238211734391289000601905050665040658970544110216366
2746271056590429076617077539162734477316734422314192846320699008499586818211266902671007587153973506016557133796729836889366333572667387924214388900289093939252803033501915851708576
2040515478772346286879892421801164083045774897871505648069020762931940532656327015798411834361278634818707205008301738850380650101082970959055383579889332708758935861358651285097442
6736066548558464366188064001270761735224888855015623407259787300421381816074192725822587102992555126791078463153288488297929669703284797163053569578825689823975966748759169071813863
6271894374654523344321464552823340574144500995391007163769214624624363429866017020542588719418586896977512881218075268523728378877038762258807160050807849956006910842795752423393003
3999418777378452639066396318935539073515495170569992766854439148272686804742645471347694048364914898181384341062478458235974355436033512488749592650329814166874011652780288949003318
4770146415852906993781156574309044570603779310697814452531127262032414070825938674228162491880592437442398510022337221672048980801247934742568150895968453434068698283331873195358148
3610186213711665533759413855113547611468408111364231185817313221613771464403204753034797505254655005007053533356351267621721973986367932325398889727412921963574395618417047737498549
6841620195214913783003366025510080806755565432994171405988025534173528642452997121232345068970015928274946429622541368787945934092208624124714756265032012321897483475682291518904537
6736066548558464366188064001270761735224888855015623407259787300421381816074192725822587102992555126791078463153288488297929669703284797163053569578825689823975966748759169071813863
697923084729463567849390881132392258005889759107205954119276377879277700281158642475305959249279849345218315852633009282358956221228527754241449071731731227864217452994501720884693
6766088527087947837550793661281733949341814177126712262961943030588934660538165477108483588109174441690104974183397361568062088559277339232026278734901631254970170151843848423180793
5408381485405679606709963234793797705639187424410211226118863660750474556209661484779702373580475249411084399390118782075872066363898555172814459917424946301366300054722311224353545
7416340753421763046275705868347386225850645463892813730670977830108124810463205299682722536413160667587487613767504437515193583978040581473275803686705439851730491639426298439552795
3249401884616042008333831079798897777440848673566561344191871955893835888287693445229179047840789668482121840342298040809439192022548566082756630567740358875044851161166648044325419
1978730944265617094693806708253931398019226936130649729678327771105450359928198656470834858349906330380801391298349066167921865139616565226039479403955619672840616597288333397814468
4801598925451298837583764425283940768696223488007186521167607878872072328253422515838126795044227165019016436780659762907131231743284441822678623074955713526493445231909748126747880
1051387568802427815707449338987450002141608271089850378220700773803196116824056402743303536879947907547959414974287420668497985781986286890317017640204760975173094963735473156094851
3510278329177201163005036852582090048320895745484925836229992594042100603749543378187219811906763854658537736287765143570343464926119629402492565206217819917860600411892119368310868
835518258541937190814088551889521811780714016510566316337179575046833269375079900879153444800658591188269837268170899263791929358410823968643706204611539097429556559863286293343204
238232988303912170182841941604227137532662416052015982908336181452442154305123617736253907100993524169968822123030569470144317786477763058107232132925526068386041083196875710212344
1105480843239226811769955655075929188120264614301825042804035608961984765900621827387234202679527426801029635349569768853934444073904741553673292384558818402582913837452079262507930
6138651529631851985359715050864783386244037657890817785534053405554966759272952280438280889674388567953249298949874448766842041985766514729806259944191842803341179563179829413041158
313127466232988373018565173204001435759631961821954162863777450530432043147072199282034848751447138583732430570142617545574443836656362522884731464516179031125220512897856923652669
313127466232988373018565173204001435759631961821954162863777450530432043147072199282034848751447138583732430570142617545574443836656362522884731464516179031125220512897856923652669
313127466232988373018565173204001435759631961821954162863777450530432043147072199282034848751447138583732430570142617545574443836656362522884731464516179031125220512897856923652669
313127466232988373018565173204001435759631961821954162863777450530432043147072199282034848751447138583732430570142617545574443836656362522884731464516179031125220512897856923652669
2333649765859920343507419565245080552314840670884223920435739579977814201130981132224564345771131626059896109795840200735918581365549936803821811204207852650840210586737178799652648
329472968207284189241340733276190235706564885807200430046072339294070715542335038546661578019665576184442503976087877277142847857203997277762914230649605958639173080978816037638976
313127466232988373018565173204001435759631961821954162863777450530432043147072199282034848751447138583732430570142617545574443836656362522884731464516179031125220512897856923652669
313127466232988373018565173204001435759631961821954162863777450530432043147072199282034848751447138583732430570142617545574443836656362522884731464516179031125220512897856923652669
313127466232988373018565173204001435759631961821954162863777450530432043147072199282034848751447138583732430570142617545574443836656362522884731464516179031125220512897856923652669
313127466232988373018565173204001435759631961821954162863777450530432043147072199282034848751447138583732430570142617545574443836656362522884731464516179031125220512897856923652669
2079352872400017388369983519567580329446727481544659995762837935274119211102863713009355442497754655001437874357103696275678099260409227598533115800570684342148297403229382285449654
329472968207284189241340733276190235706564885807200430046072339294070715542335038546661578019665576184442503976087877277142847857203997277762914230649605958639173080978816037638976
3503167756856533368329383909197037900866754289017299079368391104801430731535567018497692422947403597385062101461142289986278611843120476656704543063158862734677517429553280667136982
313127466232988373018565173204001435759631961821954162863777450530432043147072199282034848751447138583732430570142617545574443836656362522884731464516179031125220512897856923652669
313127466232988373018565173204001435759631961821954162863777450530432043147072199282034848751447138583732430570142617545574443836656362522884731464516179031125220512897856923652669
313127466232988373018565173204001435759631961821954162863777450530432043147072199282034848751447138583732430570142617545574443836656362522884731464516179031125220512897856923652669
313127466232988373018565173204001435759631961821954162863777450530432043147072199282034848751447138583732430570142617545574443836656362522884731464516179031125220512897856923652669
3092063207031644806104146894693951475984239773418283709257580540395112802242882374498679934457664397559832865121937943337535712439982923700008842957819568641136214863341418626733691
2323350943015994418857202858851624056222829345506181502650038688622943476762808931316481980132838051058538306331196922447394842116020703728962696118758818756951233240804827718176351
3014525965939619768761860767397764773211655067831521119115647082766094325169403529103258997030647368512195575047444084239678967739036470906099671504394901952008959943148435326487368
313127466232988373018565173204001435759631961821954162863777450530432043147072199282034848751447138583732430570142617545574443836656362522884731464516179031125220512897856923652669
313127466232988373018565173204001435759631961821954162863777450530432043147072199282034848751447138583732430570142617545574443836656362522884731464516179031125220512897856923652669
3908548589071850016742602658244055544829673224273549714134502296905848285046704341920405430344671816254698269241577798626137236012977527225922018328602364238880891609486481524500114
1609960958747587249435173196017121134729274726835952072755864280227654697000869887568584869938492584402613229574356477736603090659098951133778188181798500078351287887672780316229866
329472968207284189241340733276190235706564885807200430046072339294070715542335038546661578019665576184442503976087877277142847857203997277762914230649605958639173080978816037638976
3935226343785424920722470361974624485370747584656744155338666900164404068944170104526641742205303888933383072370726136908796714123470892695629762031116288453056061215672922439243124
3403917177864503491667459232432553194603228734397062336320624683312660202746425873508065308940147886059302484228499340589492837586512698372090827785876778784145263725665744366172955
5671929213048123979610512176295395883526775848822245019824860268334523616480742180755779155202604307926735056808353860135707846442067408227380394898776271914214783250978118701645664
4449549883815851543930766000772244479349250790026618437712056580212871032580589757899019029658126972044633996461268933407836585214074460362308889972136788250787940436615968713177137
7625026811576119342199515295125555216232362192810790811520461340541489259966910274803067408560676050685408292303902028300362593294113845040430140603286383956204848047353868026025514
329472968207284189241340733276190235706564885807200430046072339294070715542335038546661578019665576184442503976087877277142847857203997277762914230649605958639173080978816037638976
3471889157927554909706281355530450777409134947474810579040622496092610048218768631930808744956634148256046498640051684028674523720148670416554369608569891449308139136342753135568885
1437591894981861781309509009415873587019327999170795064968502705330613210301772443577901148473823970173817355149206407830651584100305074747582641572130726239626650965437486600853890
6806060806311345789008529712921300744827728653211781072347898861889911317861975395385239040706383849962286826808961024856633585402169518669984949496347049089167788060865876848993219
2259877925057314118187403972949836894769314842773523110846793999610059292484442761682185101620918903715538462327952179246225898961588549515956482746620205580467820005201158943288764
38772629276620597111194997201909795621945077746617509890878317118270673151008259697349364811022836785155094924366889553071258684424092853782280720799231154031136543504588641749371
329472968207284189241340733276190235706564885807200430046072339294070715542335038546661578019665576184442503976087877277142847857203997277762914230649605958639173080978816037638976
2338279434840100656240857766521670626729864341630629767706580820915723148557429872994280366530245895880071402654025799016399733047333866956121588012346730447152995923009742211549676
5846380112660284833875451119532382272048088225709518571000210477320125743861810002349512566672189154495427621707179020697946969366412148899396595599273271931076341556309994226547130
7360343030766886453508434570627951921663827657907931651599925413641185644479979237221578991135697480443584657033480995174487146764607382140057628044555900015285197861893621059982535
265921695862637166643149829647020153057125953181246991516377487680377287312025464348683318478940787822141014950437980853336510889353305578784723137699260629670959777951532939032990
1952475696288297388137785317480233661897950391891650296874829296322792721041175952113502955800037107290683292874452551995721459972230788491696721169244517322569513155055620568789520
